Phase of the final state
 
Delta: -54083715.725774
J: 3.25737133530311e-19
bit_errors:
- 0
- 0
- 0
- 0
cOpts:
  D: 4.0e-07
  cOffset:
  - 0
  - 0
  - 0
  d: 4.0e-08
  pJit: false
  rstd: 1.0e-09
  tau: 0.003378770521134961
  xstd: 0
  ystd: 0
  zstd: 1e-9
circ: true
folder: displacement\800runs_nobitflips_randomtwirl_6nmdisplacement
qubit_displacement_error: true
qubit_displacement_halfheight: 3e-9
qubit_displacement_radius: 6e-9
r:
- 0
- 0
- 4.0e-08
random_errors: false
runs: 800
specify_errors: false
steps: 5000
subfolder: plots
time: 0.003378770521134961
twirl: true

 
0.322848518258
0.153115595588
6.09426031199
6.12519062885
0.143643312
0.16429174766
6.16469778086
0.510294669564
6.20591667039
6.01909752245
0.096394217129
0.161432633001
5.83221650363
5.88538635115
6.16171122084
0.0851904942459
6.22465697193
6.09345597167
0.215689368574
0.106838256543
0.051412126933
0.501348671583
0.432654399249
0.140433798454
0.420565740591
0.341473993534
0.0402653800792
5.86640052154
6.09478429084
0.103074991542
0.0234569435436
5.8648555739
0.0584698641675
0.31457914965
6.15785039955
0.275928107684
6.15249302907
5.93537679489
6.11759874244
0.0379927693015
5.93944902439
0.240525344228
6.02549561587
5.6610407396
6.26687903061
5.77502256472
0.295043199994
6.02726681896
0.112884229169
0.0255002223167
6.15367983575
0.19628062244
0.325604505827
6.23526689532
0.0792340193347
0.105185443407
0.174286331792
6.12017548518
5.98162032547
0.164504558203
0.264422575282
0.245115609398
5.80918592197
0.00303135752652
5.90221988264
0.231369673431
0.20704351819
6.21640599632
6.15014390919
0.0712789636786
0.162342796189
0.16272284144
6.19467673633
0.142078020803
0.223583897698
0.00681992239806
5.63768942065
5.90020734127
6.01463219365
6.16824956747
6.16228887327
0.204366559606
6.25631885116
0.739226628423
0.0751363385611
5.99026298506
0.547314980603
5.98459484831
5.9642082282
0.536800481191
0.193292830891
0.0474305867715
0.187542709279
6.16734767454
0.625580938993
0.0039088349389
5.87210969698
6.2206998269
0.163980610771
0.0686888226226
0.0464034258182
6.22072614883
6.16238937368
6.11781488167
0.4645261239
0.431345548894
5.96737812281
5.91938335306
0.308908545922
0.143080807641
6.07872874786
6.22514551267
0.237502951267
5.64062408027
0.415536266239
5.85433205583
0.178541275161
6.09271385768
0.174976660547
0.14251123864
6.19751818012
0.162800174033
6.27294948156
0.00561594985511
6.17632593626
0.236732001942
0.106789547508
5.94867806355
0.551609413675
5.90949676032
0.162226291452
6.2410966262
0.0259588289539
0.158450426475
6.2108975526
0.070230877279
0.167785241541
5.88719356769
6.10695474353
0.0940691090462
5.95625699682
6.05967848711
6.12555010163
0.305368741468
0.0249708831463
6.06533423896
6.01366398111
5.8578726669
6.26400856946
9.98465132532e-05
6.22204340561
0.623126061486
0.148511314374
0.0327845741381
0.00274962125742
6.2344440819
5.89214233464
0.0688316848133
6.20996282679
5.80996835891
0.148603300964
0.142368362359
5.88433907791
0.197132515408
0.2079808934
6.11974676998
0.13701463153
0.0301562180954
6.00507399618
6.17170223477
6.04995740596
6.23593981263
5.9747221599
6.1987383852
0.194039061278
6.23312341736
6.07542979669
0.0958346027686
6.20365433079
0.369551488168
5.75810971246
0.277737221862
0.471764439351
6.25896477862
0.45695461484
0.248781505211
6.03367546366
6.05997511474
6.24716732654
0.0126352577862
0.0599871105375
6.04118552372
0.26593786734
6.16743017366
0.0890826546335
6.25966685872
6.2692443875
6.0406749951
6.01943525216
6.13644758392
0.108864180112
6.19826701002
0.523551878701
0.231702890216
0.417254937374
6.25206817094
5.89684231734
6.19479378312
0.102843904613
6.17079721196
0.142673466794
6.12090603068
0.335746947023
0.224853318998
6.24878499812
0.218763397463
6.23110541906
6.00342765136
6.28108831259
0.0571137569358
5.6335079701
0.32029064268
6.19616291066
6.0353745515
5.97781364375
0.208143056646
0.0932348168953
0.0342337576485
6.21891228309
6.2025592563
6.15738349467
6.27142629399
6.19582280699
0.183652033933
6.0137807437
0.124860062306
0.498683864676
0.130736956141
0.312596820754
6.12813496291
5.91095630632
0.375307473702
0.231200641499
0.0658304196213
6.26101986012
0.0221987734464
0.215448766878
6.15564123496
0.0905822424546
6.06278390226
6.12490085974
6.12703405191
6.27076314247
0.141749062655
0.298854913894
0.17312644784
0.000908443006504
6.19613994973
6.10811454531
0.286290999542
6.19591251244
0.278637415016
5.75267831547
5.87556857419
6.22436544354
0.00933242152836
0.211938501092
0.0830216865089
0.00513302186951
0.281555990051
0.0330553536099
0.241891764144
6.04682694624
5.72703313004
0.128406926441
0.0671842104844
6.05659506897
0.181944759283
6.10769271695
0.421879590205
6.16781965634
6.06916768072
6.23946957652
0.179094937012
6.25077821125
0.217595347783
6.18123920342
5.99473240787
0.189564486364
6.1687552266
5.95152920099
0.0146723001954
0.262134107873
0.121932191978
0.108465410377
0.241607130491
0.416187909119
6.26945347417
0.0634372536309
5.90734213949
0.183779277211
0.0456809882619
5.89299506701
6.06348019323
0.463558088941
6.22304100489
6.14305560552
6.13528194993
0.0610267112024
6.24027898336
0.248061070293
0.16719136649
6.24245322666
0.398486989091
6.15600337907
0.562690348634
0.0263418388802
0.160178195765
6.07404734501
5.87984539831
0.32468522157
6.03880850292
0.0361796522555
0.0207357651395
0.197180901722
0.085771715526
0.0732162199696
0.404032421822
5.98009012136
0.546231137976
0.570419124208
0.0759073473328
5.58189604956
6.24664104614
0.165169934078
0.106785486891
5.88641473838
0.408314099345
5.76803985249
0.363709479364
6.19581073319
0.15758655236
5.85371179074
0.237259205772
5.59751489645
0.0771109939762
0.209499646242
6.17424958729
6.15888852345
0.0791117499405
5.86141340085
0.356246727126
6.26968105617
0.519165043459
0.0684560256926
5.82247047585
6.22380153465
0.0523664109379
6.1603654449
0.311551296867
5.42653418716
6.18530856967
6.0827754485
0.0576083086783
0.0594228512192
6.27657023802
5.81661847492
6.2600636141
6.24990164561
0.0439074830218
6.2173639378
6.20182504258
0.134880561181
6.12890874326
0.478721373871
6.2587622253
6.24131818856
6.09709450289
0.226780819314
6.22999169134
0.109761993082
6.09238735262
0.156869165258
6.21624877298
6.24445946645
0.0253476238814
6.19983916512
0.432267610903
0.099739224651
0.464576144838
5.97414945847
5.9453633124
6.18535340051
0.16629212342
0.0505729988298
0.1071822211
5.78581948688
0.00691175751665
6.17785683407
0.0770754010815
0.14964424345
0.179944862783
0.0821052599747
6.07973832692
6.20483776097
6.27216294997
0.297390643836
0.301693582438
6.26591639649
6.21735802387
0.0633934403327
0.121243444924
5.82123705804
0.0281601472519
0.323907392591
0.399256382431
0.149149198738
0.0671564746365
6.23630520841
6.25543817991
6.09844875112
6.15155564314
5.84190973132
5.71589822255
0.10926339133
0.122836164775
6.26754521617
0.0190333933984
5.73456503607
0.114417429361
6.0149229497
6.00919834818
0.181869882015
0.26377711573
0.381446212811
6.2691880094
6.23547945541
0.436597343599
5.82423586074
0.0464709801025
6.28290209316
0.193589752143
6.17473396921
0.05469721263
0.148939201901
0.223853416727
0.557304343585
6.17755986642
6.12731521247
0.395306812803
6.14161175665
6.09564128792
0.258305465281
6.18005252295
6.08455499655
0.0994142638759
5.79288158939
0.153912577477
6.11569346231
6.12413365214
6.02214123044
0.416860914524
0.427237123031
5.70508320735
0.0229204423665
0.247082646612
5.91857233468
0.325584610535
0.177002501185
6.22055026745
6.20398520286
0.0293933205025
0.104761802016
0.365292204273
5.95566825953
0.214682277666
0.290600543089
6.07874452751
0.319508275064
0.512689544444
6.2401425561
0.241614314579
0.0533250207128
6.24050119405
0.268848281055
6.19084305377
0.0436580904787
6.0097604402
6.14200386092
5.90078165108
6.04069281067
6.00921191161
0.566738778001
6.24647641335
0.271152453913
0.555041423594
0.503293777336
6.2353256344
6.07829274051
0.716067902343
5.9701076087
0.0494147961661
0.114346674906
6.21646203393
6.21306938548
6.16773101845
6.23597738318
5.89071122645
0.157616706804
6.0347389555
0.383832392899
0.256293210806
0.359738074934
0.196028161365
0.215269097856
6.14809383024
6.02309157647
0.173279391557
0.477436808697
0.541041703999
6.1010878505
6.07002445433
6.1126660239
6.17292909162
0.19307366821
0.520701624141
6.22001502008
6.21024510409
6.17580343704
6.03340038699
5.95849756277
6.10462190295
0.164459561388
6.09460823113
5.67505389827
5.92558245959
0.165540374838
0.426275436248
0.411465360459
0.275581601888
6.08710840462
0.157905992546
6.15558867193
6.0728375163
6.06967730727
0.416300992995
0.11238095887
0.10804897808
0.0438959971744
5.93556211076
0.0962398951611
0.171980474479
6.01584145824
6.23609726315
6.27351328174
6.11753377092
5.70091510021
0.349508204156
6.16171283696
0.194776366403
5.88313777665
0.059753154309
6.08322410195
0.431241704813
0.225118161296
6.18672520044
6.01151130853
5.93483373472
6.24582092864
0.0436117465795
0.20779455228
6.19501620192
0.0990200308823
0.04216133853
0.0907428612231
0.0428857768141
0.158945856012
6.00752644208
5.86093202833
0.265919039748
6.26595043911
0.112647562567
0.281277028071
6.03028360852
0.373486007065
6.03090133394
0.490685575998
0.108293027905
5.66026580555
0.219875032509
0.501570260751
0.156860435242
6.15313501668
6.18444497439
0.119599552261
6.10735318616
6.14880649055
0.0541709430228
6.17912846547
6.27759878004
0.0327634709772
6.16667290842
5.91044903803
6.09394251209
6.12029370543
6.08258440471
0.383475091702
6.07233373567
0.426128025043
6.08104924881
0.192885560721
6.04195268206
0.258361209647
0.291465577135
0.0944960857642
0.0730209709321
0.207507805059
0.372359514427
0.0827103322225
0.131830357859
0.117921973173
0.0743200024005
0.0949747433016
0.178708172712
0.30578272814
0.380914134762
0.254248665718
0.0553403599205
0.619084907431
0.277946753089
6.18093267669
5.94644662796
0.40799998446
0.354218022836
0.631678985178
6.14123494766
5.64601792818
0.585706550139
6.08234338678
0.46611253109
0.143303620629
0.233321048085
0.320833305054
0.108759420303
6.26658029378
0.125710637161
6.18997185601
0.148195410963
6.18230168559
5.876069162
6.01819200308
0.186514773905
6.15679121196
6.15645328247
6.14197980086
5.8163474582
0.16034494532
0.356834203562
0.239969637192
6.21101215718
6.03745058419
0.0135309519762
6.13382340248
5.86194825988
0.398145478301
0.241638679983
5.79523117415
6.21011419111
0.203696292778
6.22698727681
0.209733539286
6.20800015185
5.99057714799
0.0815957182813
6.0236232075
6.04874074387
0.209737146585
6.14293475751
6.25705490165
5.93567293867
6.17273496962
0.362577803193
6.23345688146
6.17140808308
6.049017452
0.0257137802428
6.17881242647
6.2361783925
0.136027571121
0.0986231924216
6.23244562641
6.1459785756
0.224507803269
0.168975536699
0.0599600405748
0.259965976235
0.239603786673
0.0186495508879
0.486631444274
5.98614600874
0.376614620086
6.18899226153
0.246191069032
0.724189874433
5.74746639774
6.184362547
6.2761687891
0.284269341428
0.142011179856
0.17840861123
6.01681124831
0.229489435098
0.421622901219
0.341352816061
0.222172992463
0.138036953395
6.16516916668
0.208869064592
0.052972273977
5.89781445616
0.408812585224
5.92061883528
0.0330073777289
0.191967800368
5.97556325694
0.448788713147
6.25138525337
6.20350343685
0.0863573763957
0.236507449393
0.143914841121
0.320024317825
5.99567908475
0.570976091817
6.2467105952
6.24342995734
0.0731086595183
5.87371047511
6.04952512953
6.07489649201
6.14525721669
6.18299496852
6.21328136802
0.406857979253
0.140038691967
0.413624274027
6.11304840214
6.19309453217
6.04534684433
5.69268714184
5.89976943187
0.321306337027
0.214205886993
0.280876434455
6.20926952089
6.16181942438
6.28215357689
5.71952008184
0.583735442443
6.19424848202
6.09455585139
6.06169697414
6.03549028107
6.23273752315
6.21381288743
6.09844441219
5.87825687549
0.209334826584
6.04514432009
0.421717033529
6.08052299575
6.02462863659
0.0130684580902
0.1607148592
0.353403086634
0.26724236162
5.98005969068
5.95955386034
6.15630366489
0.0919736404151
6.27846188137
0.290134088156
6.08651002149
0.134731018919
0.0483219012319
0.0229878669681
0.259197326135
6.07641803248
0.22463184069
6.24191123366
6.19727905593
5.88248086845
6.09416982096
6.02727737908
0.489518395897
6.1443383617
0.276682192051
6.00948538546
5.92940236146
6.27997989298
The mean phase is: 3.11243363764The mean error is 50.4640801524% of 2pi, and 0.928160304862% of pi

The standard deviation is: 2.9338911431 which is 53.3056722082% of 2pi and 6.61134441631% of pi.
