Probe Measurement Outcomes 
Delta: -54083715.725774
J: 3.25737133530311e-19
bit_errors:
- 0
- 0
- 0
- 0
cOpts:
  D: 4.0e-07
  cOffset:
  - 0
  - 0
  - 0
  d: 4.0e-08
  pJit: false
  rstd: 1.0e-09
  tau: 0.003378770521134961
  xstd: 0
  ystd: 0
  zstd: 1e-9
circ: true
folder: displacement\800runs_nobitflips_randomtwirl_6nmdisplacement
qubit_displacement_error: true
qubit_displacement_halfheight: 3e-9
qubit_displacement_radius: 6e-9
r:
- 0
- 0
- 4.0e-08
random_errors: false
runs: 800
specify_errors: false
steps: 5000
subfolder: plots
time: 0.003378770521134961
twirl: true

 
sigmax exp.	Prob. of |+>	Prob. of |->
0.94833551962	 0.97416775981 	 0.0258322401899 
0.988300690479	 0.99415034524 	 0.00584965476045 
0.982206691867	 0.991103345934 	 0.00889665406627 
0.987544782432	 0.993772391216 	 0.006227608784 
0.989701026308	 0.994850513154 	 0.00514948684605 
0.986534440022	 0.993267220011 	 0.00673277998877 
0.992988562146	 0.996494281073 	 0.00350571892704 
0.872600618775	 0.936300309387 	 0.0636996906126 
0.997016263838	 0.998508131919 	 0.00149186808105 
0.965331017267	 0.982665508634 	 0.0173344913664 
0.995357673762	 0.997678836881 	 0.00232116311922 
0.986998025814	 0.993499012907 	 0.00650098709323 
0.900025284061	 0.95001264203 	 0.0499873579696 
0.921915889084	 0.960957944542 	 0.0390420554582 
0.992631091776	 0.996315545888 	 0.00368445411188 
0.996373483898	 0.998186741949 	 0.00181325805106 
0.998287705856	 0.999143852928 	 0.000856147071753 
0.982055316854	 0.991027658427 	 0.00897234157276 
0.976829086897	 0.988414543449 	 0.0115854565513 
0.994298220097	 0.997149110049 	 0.00285088995141 
0.998678687672	 0.999339343836 	 0.000660656163889 
0.87693517653	 0.938467588265 	 0.0615324117351 
0.907856007207	 0.953928003603 	 0.0460719963967 
0.99015536945	 0.995077684725 	 0.00492231527478 
0.912858107158	 0.956429053579 	 0.043570946421 
0.942262083482	 0.971131041741 	 0.0288689582591 
0.999189459091	 0.999594729545 	 0.000405270454712 
0.914395255736	 0.957197627868 	 0.0428023721321 
0.982304961873	 0.991152480936 	 0.00884751906367 
0.994692474677	 0.997346237338 	 0.00265376266161 
0.9997248979	 0.99986244895 	 0.0001375510501 
0.913768735042	 0.956884367521 	 0.0431156324791 
0.998291124681	 0.99914556234 	 0.000854437659723 
0.950926680536	 0.975463340268 	 0.024536659732 
0.992155857047	 0.996077928524 	 0.0039220714764 
0.96217275835	 0.981086379175 	 0.0189136208249 
0.99147191323	 0.995735956615 	 0.00426404338516 
0.940121912473	 0.970060956237 	 0.0299390437633 
0.986321841103	 0.993160920552 	 0.00683907944841 
0.999278361266	 0.999639180633 	 0.00036081936686 
0.941502086009	 0.970751043005 	 0.0292489569954 
0.971212965081	 0.98560648254 	 0.0143935174596 
0.966981333598	 0.983490666799 	 0.0165093332011 
0.812630516846	 0.906315258423 	 0.0936847415769 
0.999867055151	 0.999933527576 	 6.647242434e-05 
0.873639941253	 0.936819970626 	 0.0631800293735 
0.956789581462	 0.978394790731 	 0.0216052092691 
0.967431203103	 0.983715601552 	 0.0162843984483 
0.99363533836	 0.99681766918 	 0.00318233081978 
0.999674886939	 0.99983744347 	 0.000162556530353 
0.991625880243	 0.995812940122 	 0.00418705987846 
0.980798723797	 0.990399361899 	 0.00960063810135 
0.947457529247	 0.973728764624 	 0.0262712353765 
0.998852132111	 0.999426066056 	 0.000573933944469 
0.996862626975	 0.998431313487 	 0.00156868651274 
0.994473109299	 0.997236554649 	 0.00276344535061 
0.984850543045	 0.992425271522 	 0.00757472847766 
0.986743293566	 0.993371646783 	 0.00662835321691 
0.954872835699	 0.977436417849 	 0.0225635821505 
0.986499612087	 0.993249806044 	 0.00675019395636 
0.965243559417	 0.982621779708 	 0.0173782202915 
0.970109276688	 0.985054638344 	 0.0149453616561 
0.889749895607	 0.944874947803 	 0.0551250521967 
0.999995405428	 0.999997702714 	 2.29728601986e-06 
0.928306107123	 0.964153053561 	 0.0358469464386 
0.973353226653	 0.986676613326 	 0.0133233866735 
0.978642947346	 0.989321473673 	 0.010678526327 
0.997771090403	 0.998885545202 	 0.00111445479848 
0.991163039185	 0.995581519592 	 0.0044184804075 
0.997460730038	 0.998730365019 	 0.00126963498077 
0.986851324331	 0.993425662165 	 0.00657433783456 
0.986789826231	 0.993394913115 	 0.00660508688465 
0.996085672762	 0.998042836381 	 0.00195716361897 
0.989923884514	 0.994961942257 	 0.0050380577432 
0.975109070811	 0.987554535406 	 0.0124454645944 
0.99997674399	 0.999988371995 	 1.16280052223e-05 
0.798801542674	 0.899400771337 	 0.100599228663 
0.927555930458	 0.963777965229 	 0.0362220347709 
0.964155817499	 0.982077908749 	 0.0179220912507 
0.993402149762	 0.996701074881 	 0.00329892511876 
0.992700922871	 0.996350461436 	 0.00364953856435 
0.979189735739	 0.989594867869 	 0.0104051321306 
0.999639118466	 0.999819559233 	 0.000180440767132 
0.73898981276	 0.86949490638 	 0.13050509362 
0.997178593028	 0.998589296514 	 0.00141070348585 
0.957404140278	 0.978702070139 	 0.0212979298608 
0.853924872652	 0.926962436326 	 0.0730375636742 
0.955752087829	 0.977876043914 	 0.0221239560857 
0.94955669789	 0.974778348945 	 0.0252216510551 
0.859349276183	 0.929674638091 	 0.0703253619086 
0.981377032029	 0.990688516014 	 0.00931148398571 
0.998875380657	 0.999437690329 	 0.000562309671478 
0.982465351046	 0.991232675523 	 0.0087673244769 
0.99329832025	 0.996649160125 	 0.00335083987481 
0.810623076582	 0.905311538291 	 0.0946884617089 
0.999992360374	 0.999996180187 	 3.81981285935e-06 
0.916691544107	 0.958345772053 	 0.0416542279467 
0.998048417479	 0.999024208739 	 0.000975791260743 
0.98658527936	 0.99329263968 	 0.00670736032001 
0.997641850774	 0.998820925387 	 0.0011790746131 
0.998923554207	 0.999461777104 	 0.000538222896365 
0.998050060604	 0.999025030302 	 0.000974969697761 
0.992713038422	 0.996356519211 	 0.00364348078921 
0.986357444415	 0.993178722208 	 0.00682127779237 
0.894033962027	 0.947016981013 	 0.0529830189866 
0.908404007225	 0.954202003613 	 0.0457979963875 
0.950545990176	 0.975272995088 	 0.0247270049118 
0.934550732678	 0.967275366339 	 0.0327246336608 
0.952665960059	 0.976332980029 	 0.0236670199706 
0.989781392136	 0.994890696068 	 0.00510930393207 
0.979171465321	 0.98958573266 	 0.0104142673395 
0.998316163879	 0.99915808194 	 0.000841918060266 
0.971928500997	 0.985964250498 	 0.0140357495015 
0.800563575687	 0.900281787844 	 0.0997182121563 
0.914899971766	 0.957449985883 	 0.0425500141172 
0.909443198079	 0.95472159904 	 0.0452784009604 
0.984103800818	 0.992051900409 	 0.00794809959077 
0.981915084798	 0.990957542399 	 0.00904245760124 
0.984730602215	 0.992365301107 	 0.00763469889251 
0.98986244844	 0.99493122422 	 0.00506877578019 
0.996332815231	 0.998166407615 	 0.00183359238456 
0.986777294836	 0.993388647418 	 0.00661135258222 
0.999947614863	 0.999973807432 	 2.61925682516e-05 
0.999984230577	 0.999992115289 	 7.88471125523e-06 
0.994295968341	 0.99714798417 	 0.00285201582954 
0.972109598335	 0.986054799167 	 0.0139452008326 
0.994303413014	 0.997151706507 	 0.00284829349316 
0.944572197694	 0.972286098847 	 0.0277139011531 
0.851682198333	 0.925841099166 	 0.0741589008336 
0.93098717083	 0.965493585415 	 0.034506414585 
0.986870148366	 0.993435074183 	 0.00656492581717 
0.999114402203	 0.999557201101 	 0.00044279889862 
0.999663088512	 0.999831544256 	 0.00016845574406 
0.987472973622	 0.993736486811 	 0.00626351318921 
0.997388378007	 0.998694189004 	 0.00130581099643 
0.997534825037	 0.998767412519 	 0.00123258748125 
0.985957047415	 0.992978523708 	 0.00702147629243 
0.922614480644	 0.961307240322 	 0.038692759678 
0.984511542224	 0.992255771112 	 0.00774422888823 
0.995578763087	 0.997789381543 	 0.00221061845663 
0.947033238026	 0.973516619013 	 0.026483380987 
0.975126157984	 0.987563078992 	 0.012436921008 
0.987601277418	 0.993800638709 	 0.00619936129094 
0.953736157165	 0.976868078582 	 0.0231319214177 
0.999688243687	 0.999844121844 	 0.000155878156323 
0.976364156847	 0.988182078424 	 0.0118179215764 
0.963898463323	 0.981949231662 	 0.0180507683384 
0.910909780341	 0.95545489017 	 0.0445451098296 
0.999816132494	 0.999908066247 	 9.19337529611e-05 
0.99999999496	 0.99999999748 	 2.51999243694e-09 
0.998131415659	 0.999065707829 	 0.000934292170546 
0.812058131261	 0.906029065631 	 0.0939709343694 
0.988992448593	 0.994496224297 	 0.00550377570333 
0.999462633686	 0.999731316843 	 0.00026868315687 
0.999996219786	 0.999998109893 	 1.89010682394e-06 
0.998812381616	 0.999406190808 	 0.000593809191958 
0.924512030485	 0.962256015243 	 0.0377439847575 
0.997632034709	 0.998816017355 	 0.00118398264547 
0.997320432192	 0.998660216096 	 0.00133978390416 
0.890106765644	 0.945053382822 	 0.0549466171781 
0.988978833524	 0.994489416762 	 0.00551058323814 
0.989882730317	 0.994941365159 	 0.00505863484131 
0.921509680329	 0.960754840164 	 0.0392451598357 
0.980632229403	 0.990316114702 	 0.00968388529843 
0.978449823574	 0.989224911787 	 0.0107750882128 
0.986673626362	 0.993336813181 	 0.00666318681919 
0.990628170588	 0.995314085294 	 0.00468591470624 
0.999545335286	 0.999772667643 	 0.000227332356774 
0.961575673756	 0.980787836878 	 0.019212163122 
0.993792196148	 0.996896098074 	 0.00310390192582 
0.972925434758	 0.986462717379 	 0.013537282621 
0.998884138739	 0.999442069369 	 0.000557930630538 
0.952801275218	 0.976400637609 	 0.0235993623909 
0.996436477138	 0.998218238569 	 0.00178176143081 
0.981233413963	 0.990616706982 	 0.00938329301843 
0.998747165274	 0.999373582637 	 0.000626417362995 
0.978496337175	 0.989248168587 	 0.0107518314126 
0.995411377321	 0.99770568866 	 0.00229431133955 
0.996839078531	 0.998419539266 	 0.00158046073433 
0.932489440875	 0.966244720438 	 0.0337552795623 
0.865286050086	 0.932643025043 	 0.0673569749569 
0.961678308351	 0.980839154176 	 0.0191608458244 
0.890767810381	 0.945383905191 	 0.0546160948094 
0.999706696704	 0.999853348352 	 0.000146651648241 
0.897400333247	 0.948700166624 	 0.0512998333764 
0.969213162755	 0.984606581377 	 0.0153934186227 
0.969033572659	 0.984516786329 	 0.0154832136706 
0.975191862969	 0.987595931484 	 0.0124040685157 
0.999351422647	 0.999675711323 	 0.000324288676561 
0.999920176184	 0.999960088092 	 3.99119080626e-05 
0.998201313375	 0.999100656687 	 0.000899343312701 
0.970860679792	 0.985430339896 	 0.0145696601042 
0.964846440321	 0.98242322016 	 0.0175767798397 
0.993307852014	 0.996653926007 	 0.00334607399284 
0.9960347636	 0.9980173818 	 0.00198261820014 
0.999723453032	 0.999861726516 	 0.000138273483765 
0.999902826945	 0.999951413472 	 4.85865276729e-05 
0.970738207175	 0.985369103587 	 0.0146308964126 
0.96541911864	 0.98270955932 	 0.0172904406801 
0.989253323821	 0.994626661911 	 0.00537333808928 
0.994080145154	 0.997040072577 	 0.00295992742287 
0.996396607108	 0.998198303554 	 0.00180169644586 
0.866048851077	 0.933024425539 	 0.0669755744614 
0.973276762751	 0.986638381375 	 0.0133616186247 
0.914204826647	 0.957102413323 	 0.0428975866766 
0.999515900972	 0.999757950486 	 0.000242049513835 
0.926293224918	 0.963146612459 	 0.0368533875411 
0.996096012058	 0.998048006029 	 0.00195199397085 
0.994716225211	 0.997358112606 	 0.00264188739433 
0.993691102895	 0.996845551447 	 0.00315444855261 
0.989839394013	 0.994919697007 	 0.00508030299341 
0.986861582587	 0.993430791294 	 0.00656920870626 
0.94416447344	 0.97208223672 	 0.02791776328 
0.974826821623	 0.987413410811 	 0.0125865891886 
0.99940836771	 0.999704183855 	 0.000295816144924 
0.976166566801	 0.988083283401 	 0.0119167165994 
0.998644149115	 0.999322074558 	 0.000677925442311 
0.961122383268	 0.980561191634 	 0.0194388083662 
0.999997802094	 0.999998901047 	 1.09895275746e-06 
0.99836945273	 0.999184726365 	 0.000815273634877 
0.796279028307	 0.898139514154 	 0.101860485846 
0.949143951127	 0.974571975564 	 0.0254280244363 
0.996215940453	 0.998107970226 	 0.00189202977354 
0.969451727083	 0.984725863542 	 0.0152741364584 
0.953735278413	 0.976867639207 	 0.0231323607933 
0.978416326638	 0.989208163319 	 0.0107918366812 
0.995656781883	 0.997828390942 	 0.00217160905847 
0.999414082137	 0.999707041068 	 0.000292958931626 
0.997935200134	 0.998967600067 	 0.00103239993279 
0.996751481423	 0.998375740712 	 0.00162425928827 
0.992097382527	 0.996048691264 	 0.00395130873639 
0.999930863964	 0.999965431982 	 3.45680178356e-05 
0.996186323455	 0.998093161727 	 0.00190683827254 
0.983183311243	 0.991591655621 	 0.00840834437863 
0.963929546746	 0.981964773373 	 0.0180352266272 
0.992215103749	 0.996107551875 	 0.0038924481254 
0.878212791283	 0.939106395642 	 0.0608936043584 
0.991466089776	 0.995733044888 	 0.00426695511197 
0.951538177322	 0.975769088661 	 0.0242309113392 
0.98800375714	 0.99400187857 	 0.00599812143023 
0.931518989051	 0.965759494526 	 0.0342405054743 
0.930394958755	 0.965197479378 	 0.0348025206224 
0.973391973999	 0.986695987 	 0.0133040130003 
0.997833960325	 0.998916980162 	 0.00108301983753 
0.999754356529	 0.999877178264 	 0.000122821735551 
0.999753608305	 0.999876804153 	 0.000123195847263 
0.976880552566	 0.988440276283 	 0.0115597237172 
0.991877275087	 0.995938637543 	 0.0040613624567 
0.995900232722	 0.997950116361 	 0.00204988363888 
0.975809770532	 0.987904885266 	 0.0120951147342 
0.987499149563	 0.993749574782 	 0.00625042521835 
0.987833144746	 0.993916572373 	 0.00608342762694 
0.999922846274	 0.999961423137 	 3.85768632125e-05 
0.989970412032	 0.994985206016 	 0.00501479398413 
0.955674258658	 0.977837129329 	 0.0221628706712 
0.985051010175	 0.992525505088 	 0.00747449491237 
0.999999587357	 0.999999793679 	 2.06321323359e-07 
0.996213944074	 0.998106972037 	 0.00189302796294 
0.984714215677	 0.992357107838 	 0.00764289216155 
0.959297878885	 0.979648939442 	 0.0203510605577 
0.996194146158	 0.998097073079 	 0.0019029269208 
0.96143110409	 0.980715552045 	 0.0192844479552 
0.862550658417	 0.931275329209 	 0.0687246707915 
0.918068209875	 0.959034104937 	 0.0409658950627 
0.998270610503	 0.999135305252 	 0.00086469474836 
0.999956453262	 0.999978226631 	 2.17733691449e-05 
0.977624975036	 0.988812487518 	 0.0111875124818 
0.996555678367	 0.998277839184 	 0.0017221608163 
0.999986825624	 0.999993412812 	 6.58718791469e-06 
0.960624268418	 0.980312134209 	 0.0196878657912 
0.999453720881	 0.999726860441 	 0.000273139559422 
0.97088655927	 0.985443279635 	 0.014556720365 
0.972197159345	 0.986098579673 	 0.0139014203273 
0.849292744246	 0.924646372123 	 0.075353627877 
0.991767152112	 0.995883576056 	 0.0041164239439 
0.997743989694	 0.998871994847 	 0.00112800515301 
0.974438082393	 0.987219041196 	 0.0127809588035 
0.983493663058	 0.991746831529 	 0.00825316847081 
0.98464065546	 0.99232032773 	 0.00767967227002 
0.912320905203	 0.956160452602 	 0.0438395473985 
0.993352760672	 0.996676380336 	 0.00332361966385 
0.977185509926	 0.988592754963 	 0.0114072450368 
0.999044619597	 0.999522309798 	 0.000477690201749 
0.984005314672	 0.992002657336 	 0.00799734266406 
0.999474935551	 0.999737467776 	 0.000262532224468 
0.97641939367	 0.988209696835 	 0.0117903031651 
0.994807995281	 0.99740399764 	 0.00259600235966 
0.958685125423	 0.979342562711 	 0.0206574372886 
0.982086392605	 0.991043196302 	 0.00895680369773 
0.993460019336	 0.996730009668 	 0.00326999033186 
0.945504396221	 0.97275219811 	 0.0272478018897 
0.999892363606	 0.999946181803 	 5.38181969625e-05 
0.965839140241	 0.982919570121 	 0.0170804298794 
0.992575469885	 0.996287734943 	 0.00371226505743 
0.994123392792	 0.997061696396 	 0.00293830360424 
0.970954701447	 0.985477350723 	 0.0145226492767 
0.914636719803	 0.957318359902 	 0.0426816400983 
0.999905719854	 0.999952859927 	 4.71400732409e-05 
0.997988532112	 0.998994266056 	 0.00100573394401 
0.930198462012	 0.965099231006 	 0.0349007689939 
0.983160065467	 0.991580032734 	 0.0084199672663 
0.9989568048	 0.9994784024 	 0.000521597600059 
0.924836716008	 0.962418358004 	 0.0375816419961 
0.975961759763	 0.987980879882 	 0.0120191201184 
0.894467221997	 0.947233610999 	 0.0527663890015 
0.99819187642	 0.99909593821 	 0.000904061789886 
0.990197888902	 0.995098944451 	 0.00490105554914 
0.989082222801	 0.994541111401 	 0.00545888859945 
0.998138448716	 0.999069224358 	 0.000930775642127 
0.999079664678	 0.999539832339 	 0.0004601676611 
0.969390298584	 0.984695149292 	 0.0153048507079 
0.986056050122	 0.993028025061 	 0.00697197493883 
0.999170563487	 0.999585281743 	 0.000414718256575 
0.92164913372	 0.96082456686 	 0.0391754331399 
0.991923274298	 0.995961637149 	 0.00403836285107 
0.84582297013	 0.922911485065 	 0.077088514935 
0.999653073811	 0.999826536905 	 0.000173463094704 
0.987198877408	 0.993599438704 	 0.0064005612961 
0.978210251621	 0.98910512581 	 0.0108948741896 
0.919755237429	 0.959877618715 	 0.0401223812855 
0.947751190976	 0.973875595488 	 0.0261244045121 
0.970288296668	 0.985144148334 	 0.0148558516661 
0.999345587647	 0.999672793824 	 0.000327206176469 
0.99978502171	 0.999892510855 	 0.000107489145116 
0.980622746055	 0.990311373028 	 0.00968862697238 
0.996323860939	 0.99816193047 	 0.00183806953028 
0.997320889682	 0.998660444841 	 0.00133955515895 
0.919483210394	 0.959741605197 	 0.0402583948028 
0.954417224519	 0.97720861226 	 0.0227913877404 
0.85448839832	 0.92724419916 	 0.07275580084 
0.841674728358	 0.920837364179 	 0.0791626358211 
0.997120420362	 0.998560210181 	 0.00143978981902 
0.764010989604	 0.882005494802 	 0.117994505198 
0.999332333097	 0.999666166549 	 0.000333833451274 
0.986390429307	 0.993195214654 	 0.00680478534645 
0.994303845808	 0.997151922904 	 0.00284807709591 
0.922313788581	 0.96115689429 	 0.0388431057097 
0.917791535052	 0.958895767526 	 0.0411042324742 
0.870221071581	 0.93511053579 	 0.0648894642097 
0.934583633592	 0.967291816796 	 0.0327081832039 
0.996185269291	 0.998092634646 	 0.00190736535446 
0.987608914438	 0.993804457219 	 0.00619554278091 
0.909185099631	 0.954592549815 	 0.0454074501846 
0.971985820311	 0.985992910156 	 0.0140070898443 
0.773994722599	 0.886997361299 	 0.113002638701 
0.997028420469	 0.998514210234 	 0.00148578976564 
0.978135095978	 0.989067547989 	 0.0109324520109 
0.994072369309	 0.997036184655 	 0.00296381534539 
0.992285095465	 0.996142547733 	 0.00385745226748 
0.996872297287	 0.998436148643 	 0.00156385135661 
0.912364993966	 0.956182496983 	 0.043817503017 
0.93721240947	 0.968606204735 	 0.0313937952652 
0.999908819241	 0.999954409621 	 4.55903794783e-05 
0.868233750441	 0.934116875221 	 0.0658831247794 
0.997657801081	 0.998828900541 	 0.00117109945947 
0.895734920939	 0.947867460469 	 0.0521325395307 
0.998237301601	 0.999118650801 	 0.000881349199279 
0.998629192795	 0.999314596397 	 0.000685403602642 
0.99246711714	 0.99623355857 	 0.00376644142993 
0.951859187653	 0.975929593826 	 0.0240704061736 
0.654971728664	 0.827485864332 	 0.172514135668 
0.995213894798	 0.997606947399 	 0.00239305260123 
0.979985069169	 0.989992534585 	 0.0100074654153 
0.99834110024	 0.99917055012 	 0.000829449879807 
0.998234981825	 0.999117490913 	 0.000882509087457 
0.999978120694	 0.999989060347 	 1.09396531403e-05 
0.893117865281	 0.946558932641 	 0.0534410673593 
0.999732705551	 0.999866352776 	 0.000133647224305 
0.999446149403	 0.999723074702 	 0.000276925298473 
0.999036220896	 0.999518110448 	 0.000481889552238 
0.99783455563	 0.998917277815 	 0.00108272218504 
0.996692078996	 0.998346039498 	 0.001653960502 
0.990917399435	 0.995458699718 	 0.00454130028241 
0.988122956092	 0.994061478046 	 0.00593852195375 
0.887584640429	 0.943792320215 	 0.0562076797854 
0.999701771117	 0.999850885558 	 0.000149114441572 
0.999123700192	 0.999561850096 	 0.000438149904017 
0.98273501622	 0.99136750811 	 0.00863249188992 
0.974395249634	 0.987197624817 	 0.0128023751831 
0.998585553178	 0.999292776589 	 0.000707223411231 
0.993982198284	 0.996991099142 	 0.00300890085796 
0.981853222021	 0.990926611011 	 0.00907338898927 
0.98772124265	 0.993860621325 	 0.00613937867497 
0.997760586515	 0.998880293258 	 0.00111970674244 
0.999250248328	 0.999625124164 	 0.000374875835802 
0.999678766176	 0.999839383088 	 0.000160616911889 
0.99652872045	 0.998264360225 	 0.00173563977514 
0.908018112324	 0.954009056162 	 0.045990943838 
0.995030165534	 0.997515082767 	 0.00248491723306 
0.894011513383	 0.947005756692 	 0.0529942433083 
0.952627249995	 0.976313624998 	 0.0236863750024 
0.943478766107	 0.971739383054 	 0.0282606169464 
0.995218274696	 0.997609137348 	 0.00239086265211 
0.98620529758	 0.99310264879 	 0.00689735121006 
0.998721458423	 0.999360729211 	 0.000639270788702 
0.994261482575	 0.997130741288 	 0.00286925871243 
0.878842408556	 0.939421204278 	 0.0605787957218 
0.999976114209	 0.999988057105 	 1.19428952967e-05 
0.994458082436	 0.997229041218 	 0.0027709587818 
0.997031161427	 0.998515580714 	 0.00148441928637 
0.98882417909	 0.994412089545 	 0.005587910455 
0.983853562476	 0.991926781238 	 0.00807321876198 
0.996631255964	 0.998315627982 	 0.00168437201822 
0.979375947075	 0.989687973537 	 0.0103120264626 
0.996932400631	 0.998466200316 	 0.00153379968431 
0.999939254421	 0.999969627211 	 3.03727892754e-05 
0.956104353398	 0.978052176699 	 0.0219478233008 
0.954834631539	 0.977417315769 	 0.0225826842305 
0.999850896058	 0.999925448029 	 7.45519711004e-05 
0.997834157228	 0.998917078614 	 0.00108292138615 
0.997991308235	 0.998995654118 	 0.00100434588248 
0.992659012828	 0.996329506414 	 0.00367049358595 
0.895185875986	 0.947592937993 	 0.0524070620071 
0.999603529247	 0.999801764623 	 0.000198235376746 
0.947999039834	 0.973999519917 	 0.026000480083 
0.921350317588	 0.960675158794 	 0.039324841206 
0.988897862194	 0.994448931097 	 0.00555106890301 
0.997745851323	 0.998872925661 	 0.00112707433863 
0.9989013294	 0.9994506647 	 0.00054933529981 
0.999615073153	 0.999807536577 	 0.00019246342335 
0.982984676424	 0.991492338212 	 0.00850766178813 
0.991349316426	 0.995674658213 	 0.00432534178701 
0.904207609202	 0.952103804601 	 0.0478961953991 
0.843361851289	 0.921680925644 	 0.0783190743557 
0.994036691593	 0.997018345796 	 0.00298165420365 
0.992465119763	 0.996232559882 	 0.0037674401184 
0.999877695851	 0.999938847925 	 6.11520745917e-05 
0.999818870427	 0.999909435213 	 9.05647866736e-05 
0.853244876984	 0.926622438492 	 0.0733775615079 
0.99346146259	 0.996730731295 	 0.0032692687048 
0.964232925113	 0.982116462556 	 0.0178835374437 
0.962699791908	 0.981349895954 	 0.0186501040459 
0.983507208809	 0.991753604404 	 0.00824639559557 
0.965412063888	 0.982706031944 	 0.0172939680559 
0.928127234649	 0.964063617324 	 0.0359363826757 
0.999902039418	 0.999951019709 	 4.89802912319e-05 
0.99886229164	 0.99943114582 	 0.000568854179796 
0.906195748442	 0.953097874221 	 0.0469021257791 
0.896518394228	 0.948259197114 	 0.0517408028861 
0.998920418303	 0.999460209152 	 0.000539790848491 
0.999999959889	 0.999999979945 	 2.00554127749e-08 
0.981319952554	 0.990659976277 	 0.00934002372294 
0.994124915438	 0.997062457719 	 0.00293754228118 
0.99850448037	 0.999252240185 	 0.000747759814948 
0.988929045888	 0.994464522944 	 0.00553547705586 
0.975049276323	 0.987524638162 	 0.0124753618384 
0.848683926439	 0.92434196322 	 0.0756580367803 
0.994426816585	 0.997213408293 	 0.00278659170734 
0.987876831482	 0.993938415741 	 0.0060615842592 
0.922878456834	 0.961439228417 	 0.0385607715831 
0.989995192234	 0.994997596117 	 0.00500240388298 
0.982465106215	 0.991232553107 	 0.00876744689256 
0.966824221911	 0.983412110955 	 0.0165878890446 
0.994686526508	 0.997343263254 	 0.00265673674592 
0.980337773688	 0.990168886844 	 0.0098311131562 
0.995062470619	 0.99753123531 	 0.00246876469049 
0.882189880457	 0.941094940228 	 0.0589050597716 
0.98817882304	 0.99408941152 	 0.00591058848019 
0.986006001953	 0.993003000977 	 0.00699699902339 
0.987377928623	 0.993688964312 	 0.00631103568849 
0.966121039621	 0.98306051981 	 0.0169394801897 
0.914364434396	 0.957182217198 	 0.0428177828022 
0.910114041653	 0.955057020826 	 0.0449429791735 
0.837501237569	 0.918750618784 	 0.0812493812156 
0.999737337749	 0.999868668874 	 0.000131331125574 
0.969630062276	 0.984815031138 	 0.0151849688618 
0.934261840387	 0.967130920193 	 0.0328690798065 
0.947463892784	 0.973731946392 	 0.0262680536078 
0.984375913214	 0.992187956607 	 0.00781204339282 
0.998039067099	 0.99901953355 	 0.000980466450376 
0.996865310814	 0.998432655407 	 0.00156734459293 
0.999568047801	 0.9997840239 	 0.000215976099534 
0.994517499382	 0.997258749691 	 0.00274125030886 
0.934019419192	 0.967009709596 	 0.032990290404 
0.946844000904	 0.973422000452 	 0.0265779995481 
0.977044129492	 0.988522064746 	 0.0114779352539 
0.958071976083	 0.979035988042 	 0.0209640119584 
0.979174669883	 0.989587334942 	 0.0104126650583 
0.949389983532	 0.974694991766 	 0.0253050082341 
0.871428378847	 0.935714189423 	 0.0642858105766 
0.999073803788	 0.999536901894 	 0.000463098106056 
0.970952982535	 0.985476491267 	 0.0145235087327 
0.99857855795	 0.999289278975 	 0.000710721025127 
0.999089172151	 0.999544586075 	 0.000455413924645 
0.964077456737	 0.982038728368 	 0.0179612716315 
0.995739482885	 0.997869741443 	 0.00213025855748 
0.999047136862	 0.999523568431 	 0.000476431569136 
0.962851726353	 0.981425863176 	 0.0185741368237 
0.990050442474	 0.995025221237 	 0.0049747787632 
0.927770388479	 0.963885194239 	 0.0361148057606 
0.970742485251	 0.985371242626 	 0.0146287573745 
0.962703461939	 0.98135173097 	 0.0186482690303 
0.843656354902	 0.921828177451 	 0.078171822549 
0.999326304202	 0.999663152101 	 0.000336847898913 
0.963462860128	 0.981731430064 	 0.0182685699358 
0.849878611628	 0.924939305814 	 0.0750606941861 
0.875998682554	 0.937999341277 	 0.0620006587229 
0.998854944442	 0.999427472221 	 0.000572527778834 
0.979082848757	 0.989541424378 	 0.0104585756215 
0.754392675673	 0.877196337836 	 0.122803662164 
0.951390182503	 0.975695091252 	 0.0243049087483 
0.998779337367	 0.999389668683 	 0.000610331316648 
0.993469539186	 0.996734769593 	 0.00326523040678 
0.997774828407	 0.998887414203 	 0.00111258579672 
0.997542885653	 0.998771442826 	 0.00122855717359 
0.993342553992	 0.996671276996 	 0.00332872300382 
0.998885912874	 0.999442956437 	 0.00055704356294 
0.923965613346	 0.961982806673 	 0.0380171933271 
0.987604180946	 0.993802090473 	 0.00619790952676 
0.969295630901	 0.98464781545 	 0.0153521845496 
0.927236306328	 0.963618153164 	 0.0363818468359 
0.967336280126	 0.983668140063 	 0.0163318599372 
0.935989061354	 0.967994530677 	 0.0320054693228 
0.980847925963	 0.990423962982 	 0.00957603701839 
0.976918948013	 0.988459474007 	 0.0115405259933 
0.990889014683	 0.995444507341 	 0.0045554926586 
0.966365877478	 0.983182938739 	 0.0168170612611 
0.985024653044	 0.992512326522 	 0.00748767347797 
0.888175636087	 0.944087818044 	 0.0559121819563 
0.857172638646	 0.928586319323 	 0.071413680677 
0.983466022157	 0.991733011078 	 0.00826698892165 
0.977367119351	 0.988683559676 	 0.0113164403245 
0.98549678046	 0.99274839023 	 0.00725160977019 
0.993927938775	 0.996963969388 	 0.00303603061241 
0.981419107415	 0.990709553707 	 0.0092904462925 
0.867470342998	 0.933735171499 	 0.0662648285011 
0.998005420815	 0.999002710407 	 0.000997289592585 
0.997341042852	 0.998670521426 	 0.00132947857424 
0.99424010488	 0.99712005244 	 0.0028799475599 
0.968965610893	 0.984482805446 	 0.0155171945537 
0.94775038679	 0.973875193395 	 0.0261248066048 
0.984099870584	 0.992049935292 	 0.00795006470781 
0.986506979582	 0.993253489791 	 0.00674651020885 
0.982271972769	 0.991135986384 	 0.00886401361568 
0.820717041298	 0.910358520649 	 0.0896414793511 
0.936738588899	 0.968369294449 	 0.0316307055507 
0.986329453496	 0.993164726748 	 0.006835273252 
0.910512103434	 0.955256051717 	 0.0447439482832 
0.916535732558	 0.958267866279 	 0.0417321337212 
0.962267102644	 0.981133551322 	 0.018866448678 
0.980838433326	 0.990419216663 	 0.00958078333694 
0.987558732526	 0.993779366263 	 0.00622063373695 
0.991870588274	 0.995935294137 	 0.00406470586297 
0.977958355114	 0.988979177557 	 0.0110208224431 
0.977293621059	 0.988646810529 	 0.0113531894707 
0.914590998905	 0.957295499453 	 0.0427045005473 
0.993691903518	 0.996845951759 	 0.00315404824107 
0.994168385942	 0.997084192971 	 0.0029158070292 
0.999036725396	 0.999518362698 	 0.00048163730192 
0.940185059459	 0.97009252973 	 0.0299074702703 
0.995372514627	 0.997686257313 	 0.00231374268674 
0.98524777343	 0.992623886715 	 0.00737611328483 
0.964475974747	 0.982237987374 	 0.0177620126265 
0.998891562878	 0.999445781439 	 0.000554218561199 
0.99995322632	 0.99997661316 	 2.33868400146e-05 
0.986311129637	 0.993155564818 	 0.00684443518171 
0.835216366614	 0.917608183307 	 0.0823918166928 
0.939541234949	 0.969770617474 	 0.0302293825257 
0.992631286666	 0.996315643333 	 0.00368435666719 
0.981090977714	 0.990545488857 	 0.00945451114302 
0.921042483499	 0.960521241749 	 0.0394787582507 
0.998215311374	 0.999107655687 	 0.00089234431283 
0.980074284427	 0.990037142214 	 0.00996285778629 
0.908447419062	 0.954223709531 	 0.0457762904688 
0.974767737721	 0.98738386886 	 0.0126161311397 
0.995351330053	 0.997675665027 	 0.00232433497346 
0.963323038698	 0.981661519349 	 0.0183384806508 
0.939936678834	 0.969968339417 	 0.030031660583 
0.999302032812	 0.999651016406 	 0.000348983594055 
0.999049158648	 0.999524579324 	 0.000475420676047 
0.978488283184	 0.989244141592 	 0.010755858408 
0.996115621771	 0.998057810885 	 0.0019421891147 
0.995101521152	 0.997550760576 	 0.00244923942419 
0.999111342405	 0.999555671203 	 0.000444328797305 
0.99588569091	 0.997942845455 	 0.00205715454505 
0.999080545935	 0.999540272967 	 0.000459727032694 
0.987394679153	 0.993697339576 	 0.00630266042365 
0.962246076237	 0.981123038118 	 0.0188769618817 
0.912167814565	 0.956083907283 	 0.0439160927174 
0.964851388293	 0.982425694146 	 0.0175743058537 
0.999851483328	 0.999925741664 	 7.42583362389e-05 
0.993661969757	 0.996830984879 	 0.00316901512132 
0.96070174066	 0.98035087033 	 0.01964912967 
0.968190451926	 0.984095225963 	 0.0159047740368 
0.931061089273	 0.965530544637 	 0.0344694553633 
0.968344830992	 0.984172415496 	 0.0158275845042 
0.882010001721	 0.94100500086 	 0.0589949991396 
0.994142038219	 0.997071019109 	 0.00292898089058 
0.812178657426	 0.906089328713 	 0.093910671287 
0.975924713269	 0.987962356635 	 0.0120376433654 
0.876828657193	 0.938414328597 	 0.0615856714033 
0.987722606517	 0.993861303259 	 0.00613869674137 
0.991555372962	 0.995777686481 	 0.00422231351886 
0.995129132647	 0.997564566324 	 0.00243543367631 
0.992856495028	 0.996428247514 	 0.00357175248602 
0.984581318945	 0.992290659472 	 0.00770934052766 
0.990984745269	 0.995492372635 	 0.00450762736526 
0.998533113221	 0.99926655661 	 0.000733443389685 
0.994590969532	 0.997295484766 	 0.00270451523395 
0.999984395389	 0.999992197694 	 7.80230558728e-06 
0.999463325489	 0.999731662745 	 0.000268337255416 
0.993220104967	 0.996610052484 	 0.00338994751636 
0.931334379438	 0.965667189719 	 0.0343328102809 
0.982146958457	 0.991073479229 	 0.00892652077133 
0.986762472343	 0.993381236172 	 0.00661876382836 
0.979947019591	 0.989973509795 	 0.0100264902046 
0.927370048121	 0.96368502406 	 0.0363149759396 
0.977853041609	 0.988926520804 	 0.0110734791957 
0.91057304517	 0.955286522585 	 0.0447134774151 
0.979639972972	 0.989819986486 	 0.0101800135139 
0.98145518375	 0.990727591875 	 0.00927240812486 
0.971044238783	 0.985522119391 	 0.0144778806087 
0.966809981381	 0.98340499069 	 0.0165950093096 
0.957823762196	 0.978911881098 	 0.0210881189022 
0.995538566233	 0.997769283116 	 0.00223071688363 
0.997335153586	 0.998667576793 	 0.00133242320686 
0.978547399593	 0.989273699797 	 0.0107263002033 
0.931471513645	 0.965735756823 	 0.0342642431774 
0.996581449989	 0.998290724995 	 0.00170927500549 
0.991322955998	 0.995661477999 	 0.00433852200091 
0.993055256555	 0.996527628278 	 0.00347237172244 
0.997239539573	 0.998619769787 	 0.00138023021333 
0.995493288204	 0.997746644102 	 0.00225335589801 
0.984074147086	 0.992037073543 	 0.00796292645719 
0.95361161246	 0.97680580623 	 0.0231941937701 
0.928325176154	 0.964162588077 	 0.0358374119231 
0.967852543162	 0.983926271581 	 0.0160737284188 
0.998469113035	 0.999234556518 	 0.000765443482301 
0.81440981677	 0.907204908385 	 0.0927950916152 
0.961620837812	 0.980810418906 	 0.0191895810941 
0.994776753167	 0.997388376583 	 0.00261162341672 
0.943837258297	 0.971918629149 	 0.0280813708513 
0.91791621248	 0.95895810624 	 0.0410418937601 
0.937918009833	 0.968959004917 	 0.0310409950833 
0.807037204165	 0.903518602082 	 0.0964813979177 
0.989941954122	 0.994970977061 	 0.00502902293919 
0.803784166058	 0.901892083029 	 0.0981079169712 
0.833321721477	 0.916660860739 	 0.0833391392615 
0.979898966425	 0.989949483213 	 0.0100505167875 
0.893322127879	 0.94666106394 	 0.0533389360604 
0.989749595972	 0.994874797986 	 0.00512520201378 
0.972903902603	 0.986451951301 	 0.0135480486987 
0.948972956091	 0.974486478045 	 0.0255135219545 
0.994091523023	 0.997045761512 	 0.00295423848833 
0.999862139924	 0.999931069962 	 6.89300378979e-05 
0.992108817436	 0.996054408718 	 0.00394559128189 
0.995658770936	 0.997829385468 	 0.00217061453206 
0.988957768308	 0.994478884154 	 0.00552111584583 
0.994915561876	 0.997457780938 	 0.00254221906216 
0.91826653897	 0.959133269485 	 0.0408667305148 
0.965094254826	 0.982547127413 	 0.0174528725871 
0.982656485526	 0.991328242763 	 0.00867175723711 
0.992022895063	 0.996011447532 	 0.0039885524685 
0.991980239087	 0.995990119544 	 0.00400988045635 
0.99004705701	 0.995023528505 	 0.00497647149484 
0.892995923657	 0.946497961829 	 0.0535020381713 
0.987172268563	 0.993586134281 	 0.00641386571853 
0.937007360415	 0.968503680208 	 0.0314963197923 
0.971345191716	 0.985672595858 	 0.0143274041418 
0.997396648554	 0.998698324277 	 0.00130167572278 
0.969958851024	 0.984979425512 	 0.015020574488 
0.99990845835	 0.999954229175 	 4.57708250302e-05 
0.988866232391	 0.994433116195 	 0.00556688380471 
0.912583823159	 0.956291911579 	 0.0437080884207 
0.921781594725	 0.960890797363 	 0.0391092026375 
0.970947152327	 0.985473576164 	 0.0145264238364 
0.883293849356	 0.941646924678 	 0.0583530753218 
0.997331493174	 0.998665746587 	 0.00133425341312 
0.97932554438	 0.98966277219 	 0.0103372278098 
0.998421306238	 0.999210653119 	 0.000789346880759 
0.97808642637	 0.989043213185 	 0.0109567868148 
0.997174927375	 0.998587463687 	 0.00141253631263 
0.95749480788	 0.97874740394 	 0.02125259606 
0.996672915923	 0.998336457962 	 0.00166354203844 
0.966502461119	 0.983251230559 	 0.0167487694406 
0.972643520014	 0.986321760007 	 0.0136782399929 
0.978085675322	 0.989042837661 	 0.0109571623389 
0.990181002636	 0.995090501318 	 0.00490949868222 
0.999658620367	 0.999829310184 	 0.00017068981626 
0.94022280849	 0.970111404245 	 0.0298885957548 
0.993906559869	 0.996953279935 	 0.00304672006531 
0.934985621482	 0.967492810741 	 0.0325071892591 
0.998763796613	 0.999381898307 	 0.000618101693389 
0.993759427366	 0.996879713683 	 0.00312028631679 
0.972707763674	 0.986353881837 	 0.0136461181632 
0.99966941896	 0.99983470948 	 0.000165290520235 
0.994558093509	 0.997279046755 	 0.00272095324531 
0.998895379142	 0.999447689571 	 0.000552310429128 
0.990762506957	 0.995381253478 	 0.00461874652169 
0.995140673338	 0.997570336669 	 0.00242966333092 
0.99871301852	 0.99935650926 	 0.000643490740077 
0.990601913247	 0.995300956624 	 0.00469904337633 
0.974903801203	 0.987451900601 	 0.0125480993986 
0.985757570779	 0.99287878539 	 0.0071212146103 
0.998202934735	 0.999101467367 	 0.000898532632648 
0.966398724413	 0.983199362206 	 0.0168006377936 
0.971432079478	 0.985716039739 	 0.014283960261 
0.999826102153	 0.999913051076 	 8.69489237194e-05 
0.883913179142	 0.941956589571 	 0.058043410429 
0.956207247858	 0.978103623929 	 0.0218963760712 
0.929915017752	 0.964957508876 	 0.0350424911242 
0.995567114018	 0.997783557009 	 0.00221644299105 
0.969847734967	 0.984923867483 	 0.0150761325166 
0.749036399255	 0.874518199628 	 0.125481800372 
0.859901877151	 0.929950938576 	 0.0700490614243 
0.995121003646	 0.997560501823 	 0.00243949817723 
0.999975384328	 0.999987692164 	 1.23078359296e-05 
0.959866826568	 0.979933413284 	 0.020066586716 
0.989933347461	 0.99496667373 	 0.00503332626966 
0.984127352512	 0.992063676256 	 0.00793632374417 
0.964731711924	 0.982365855962 	 0.0176341440381 
0.973782664792	 0.986891332396 	 0.0131086676041 
0.912425983208	 0.956212991604 	 0.0437870083958 
0.942302656539	 0.97115132827 	 0.0288486717304 
0.975420934328	 0.987710467164 	 0.0122895328359 
0.990488017739	 0.995244008869 	 0.00475599113055 
0.993044174195	 0.996522087098 	 0.00347791290229 
0.978266043793	 0.989133021897 	 0.0108669781035 
0.998597297139	 0.99929864857 	 0.000701351430377 
0.926659024234	 0.963329512117 	 0.0366704878832 
0.917593490753	 0.958796745377 	 0.0412032546234 
0.934989641471	 0.967494820735 	 0.0325051792646 
0.999455305955	 0.999727652977 	 0.000272347022606 
0.981630697808	 0.990815348904 	 0.00918465109609 
0.953056290162	 0.976528145081 	 0.0234718549191 
0.900973310209	 0.950486655105 	 0.0495133448955 
0.999494421376	 0.999747210688 	 0.000252789312131 
0.99682707909	 0.998413539545 	 0.00158646045515 
0.996273518507	 0.998136759253 	 0.00186324074665 
0.972162236839	 0.98608111842 	 0.0139188815805 
0.98966212047	 0.994831060235 	 0.00516893976486 
0.949227768219	 0.974613884109 	 0.0253861158905 
0.958953996691	 0.979476998346 	 0.0205230016544 
0.841373843707	 0.920686921853 	 0.0793130781465 
0.999334871378	 0.999667435689 	 0.000332564311043 
0.999209860145	 0.999604930073 	 0.00039506992746 
0.997328752037	 0.998664376018 	 0.00133562398159 
0.917330033624	 0.958665016812 	 0.0413349831878 
0.972825436647	 0.986412718324 	 0.0135872816763 
0.978386196045	 0.989193098022 	 0.0108069019775 
0.990502991301	 0.995251495651 	 0.00474850434926 
0.994985145087	 0.997492572543 	 0.00250742745652 
0.997557714408	 0.998778857204 	 0.00122114279577 
0.918368732635	 0.959184366317 	 0.0408156336826 
0.99021059584	 0.99510529792 	 0.00489470207993 
0.915670133432	 0.957835066716 	 0.0421649332841 
0.985561595492	 0.992780797746 	 0.00721920225378 
0.995944570517	 0.997972285259 	 0.00202771474144 
0.971849508079	 0.985924754039 	 0.0140752459605 
0.830663416211	 0.915331708106 	 0.0846682918945 
0.927392202041	 0.96369610102 	 0.0363038989795 
0.948823678303	 0.974411839152 	 0.0255881608484 
0.977145508237	 0.988572754119 	 0.0114272458814 
0.960812861551	 0.980406430775 	 0.0195935692246 
0.997269471795	 0.998634735897 	 0.0013652641026 
0.992644197215	 0.996322098607 	 0.0036779013927 
0.999999466489	 0.999999733244 	 2.66755589728e-07 
0.8453025073	 0.92265125365 	 0.0773487463501 
0.834409706998	 0.917204853499 	 0.0827951465012 
0.996047726704	 0.998023863352 	 0.00197613664806 
0.982262152198	 0.991131076099 	 0.00886892390099 
0.97557157021	 0.987785785105 	 0.0122142148952 
0.96948010717	 0.984740053585 	 0.0152599464151 
0.998727780383	 0.999363890191 	 0.000636109808725 
0.997594698825	 0.998797349412 	 0.00120265058757 
0.982983879098	 0.991491939549 	 0.00850806045105 
0.919130594093	 0.959565297047 	 0.0404347029535 
0.978169360325	 0.989084680162 	 0.0109153198375 
0.971801773191	 0.985900886596 	 0.0140991134043 
0.912387456567	 0.956193728283 	 0.0438062717167 
0.97953418552	 0.98976709276 	 0.01023290724 
0.966760023589	 0.983380011795 	 0.0166199882054 
0.999914608909	 0.999957304455 	 4.26955454027e-05 
0.987113141217	 0.993556570609 	 0.0064434293913 
0.938200364713	 0.969100182356 	 0.0308998176436 
0.964502779365	 0.982251389682 	 0.0177486103177 
0.954408141216	 0.977204070608 	 0.022795929392 
0.948086829541	 0.974043414771 	 0.0259565852293 
0.99196131797	 0.995980658985 	 0.00401934101507 
0.995773405435	 0.997886702718 	 0.00211329728231 
0.999988844713	 0.999994422356 	 5.57764372999e-06 
0.958205523714	 0.979102761857 	 0.0208972381428 
0.980721678689	 0.990360839344 	 0.00963916065571 
0.990937497597	 0.995468748799 	 0.00453125120131 
0.998832724081	 0.999416362041 	 0.000583637959332 
0.999735791019	 0.999867895509 	 0.00013210449058 
0.96659601863	 0.983298009315 	 0.0167019906851 
0.978699696676	 0.989349848338 	 0.0106501516621 
0.974876179679	 0.98743808984 	 0.0125619101603 
0.999148346332	 0.999574173166 	 0.000425826833769 
0.996312326708	 0.998156163354 	 0.00184383664607 
0.920786444126	 0.960393222063 	 0.0396067779368 
0.982189693351	 0.991094846675 	 0.00890515332455 
0.967433875746	 0.983716937873 	 0.0162830621269 
0.882559411948	 0.941279705974 	 0.058720294026 
0.99037623872	 0.99518811936 	 0.00481188063983 
0.961967042014	 0.980983521007 	 0.0190164789928 
0.962777416025	 0.981388708012 	 0.0186112919877 
0.938068830615	 0.969034415308 	 0.0309655846923 
0.999994862667	 0.999997431333 	 2.56866672532e-06 
The average expectation value is: 0.965755349087
The average probability of measuring |+> is: 0.998544743058
The average probability of measuring |-> is: 0.00145525694236
