Phase of the final state
 
Delta: -54083715.725774
J: 3.25737133530311e-19
bit_errors:
- 0
- 0
- 0
- 0
cOpts:
  D: 4.0e-07
  cOffset:
  - 0
  - 0
  - 0
  d: 4.0e-08
  pJit: false
  rstd: 1.0e-09
  tau: 0.003378770521134961
  xstd: 0
  ystd: 0
  zstd: 1e-9
circ: true
folder: displacement\800runs_randombitflips_randomtwirl_6nmdisplacement
qubit_displacement_error: true
qubit_displacement_halfheight: 3e-9
qubit_displacement_radius: 6e-9
r:
- 0
- 0
- 4.0e-08
random_errors: true
runs: 800
specify_errors: false
steps: 5000
subfolder: plots
time: 0.003378770521134961
twirl: true

 
3.12909374041
3.02292220351
3.30821067358
3.24328681803
3.0667043353
3.16548499633
2.92736061668
2.76073981526
2.87157183795
3.45474888838
3.28295332204
3.61885721283
3.26540211901
2.7830621677
2.98564728487
3.24313244815
3.26735929966
3.39099276156
2.92100575012
3.1795289217
3.53661406393
3.16572285122
3.14196227852
3.2352478502
3.37986300621
2.64845285119
3.23814588535
2.91162374398
2.80529558855
3.27997089884
3.46708284505
3.17086715504
3.12498399181
3.50590934511
3.04286592601
3.42923387746
3.3601152637
2.9074480642
2.60308555794
2.70166488772
3.26117637432
3.03462690724
3.23836502364
3.45201674921
3.10454034952
3.13563662384
3.04806398018
2.70872030119
3.34608591843
3.37300510213
3.24489466303
3.21359543873
3.2223539782
3.0412444658
3.46455111184
3.10185981552
3.11770036379
3.53095715225
2.75193075448
3.10754584463
3.16737001604
3.58690898098
3.18434911219
3.5917810123
3.10405026193
2.95516224049
3.03642473557
3.58903954896
3.41736581842
3.25738399528
3.0092216066
3.18921171973
3.0629080093
3.17384782504
3.36193565062
2.53745536971
3.56279766512
2.52706348029
3.30999784774
2.82026597444
3.25762230367
2.96037285283
3.16788699949
2.83895395397
2.98584569757
3.41527047948
3.04992099343
2.8426977916
3.14648123563
3.23108563904
2.7058296681
3.76555874693
2.68861748357
3.47159103342
3.23955823946
3.02478065923
3.06725619327
3.07770369169
3.02996872512
3.48207048319
3.34860156845
2.99032399177
2.91439044167
3.47011922345
3.2355128338
3.11666701639
3.61918079845
3.51813443514
2.91565007729
3.133683753
3.13455827167
2.87126654981
3.2772695886
2.75031292072
3.48847661666
3.32342249832
2.94839662247
3.45918642656
2.79501244458
3.20985025907
2.79377195427
3.31701050037
3.36327829922
2.80719884595
2.98610014077
3.69011043503
2.76663266065
2.948319794
3.63246012779
3.15326130816
3.33527729863
3.06386370624
3.17183346823
2.64548116897
2.68190367487
3.10172981488
3.25080340767
3.09608358409
3.10024835697
3.0412467803
3.21071013271
2.88247490018
3.08275618187
2.82340437149
3.51040789896
3.17171672444
3.6501493923
3.05992837573
3.38379767688
3.28328632822
3.19027700647
3.11245236003
3.34543755212
3.20532963738
3.31532793702
3.3818159116
3.65395501256
3.38639554812
2.72281919604
3.26271460587
2.63038812859
3.06845892578
3.4879364541
2.94432916029
2.88822526653
3.6104854264
3.3515097694
3.39207705643
3.09286774923
2.68798945854
2.78821705853
3.20816737957
2.97616252796
3.15607428218
3.42123187749
2.97241241932
3.1092287571
3.31332435836
3.2551475442
2.84320284967
3.06351481723
3.2667938782
3.49844691358
2.8737250207
3.34030974072
3.06772283022
3.13126022843
3.20517129113
3.48975732313
3.79300350768
2.92271058512
3.080159903
2.86162431614
3.0876809563
3.17473443667
3.44253359133
3.37132219812
3.25771946985
3.1819153064
3.44056969427
2.61083183938
3.33014423248
3.13387487285
3.13109493595
3.26957069486
3.05911451329
3.06559478472
3.37175523807
3.09618617077
2.77525988479
3.72068659473
3.12434741049
2.79632062995
3.5617864737
3.03854633237
3.03755144248
2.5517950799
3.1292510362
3.10059529797
2.83039578246
3.08031445913
3.04602084748
3.37032437871
3.02968246856
3.20746708312
3.39030441483
3.24465149759
3.28560976187
3.19388889771
3.58443507523
2.99835325577
3.10376000304
3.05596178538
2.63838184929
3.19764131156
3.26589364918
2.95584902745
3.28807718134
3.14909359131
3.36164348917
2.71509952895
2.77826022466
3.3287308977
3.08283738091
3.02319783414
3.28962170404
3.4135270394
3.18370162992
3.03880630924
2.79923655
3.32758875056
2.92206511646
3.43916830375
2.71213419816
3.15110078927
2.9259469322
3.02462230547
3.27879859854
3.04918556908
3.151414733
3.15257892745
3.28533811472
3.32042820365
2.74357909943
3.6329003483
2.54432659625
2.6494579482
2.48855195728
2.93097291065
3.16344108364
3.38237173108
2.85868481305
2.98111685684
2.79013794732
3.23868398281
3.18112904067
3.38560714726
3.66468493931
3.24414990222
2.75288936364
3.11749073693
2.55692034509
3.23889212696
2.81504638707
3.18953896581
2.94352559229
3.3598277558
3.08327966122
2.9835983717
3.19724857797
2.98893403283
3.00207780065
3.10684383943
3.26981985052
3.13726549092
2.84138780276
3.24592715611
3.13511298493
3.65648123897
3.30942086893
2.89718861609
3.31228516429
3.39501426314
3.22406059886
2.75914370928
3.30531831999
3.26276607034
3.26098589738
3.25445891397
3.22234228716
3.05399472443
2.88092775729
3.24584686823
3.1820676882
3.33203498974
2.73540511699
3.09599296368
3.12592365257
3.37202358483
2.94363629004
3.44112859979
3.24342018195
3.3549318012
3.36109319004
3.05941121223
3.35358000802
2.9870089631
3.09573506316
3.18590423916
3.29995269512
2.95892193514
2.9684821751
3.61735109031
2.66651257626
2.96507797716
3.41902052215
2.77545398361
3.11586582959
2.73394897439
2.76840183141
3.34874076381
3.02097232905
3.14999478987
3.3736729758
3.67877969261
2.79919064772
3.46619944174
3.41828718505
2.98361857106
2.79236168431
3.02343981929
2.85345189243
3.14508267178
2.71410612572
3.46345301283
3.0188526487
3.41014000343
3.17554552529
3.50850065291
2.75752249216
3.16945964161
2.93703505316
3.21328991762
3.34699804237
2.81822590753
2.97589702984
2.40336572117
3.1001556576
2.54042491731
3.8216643578
2.79003469044
3.12193220969
3.110910578
3.17497177186
2.80500180863
2.82071453263
3.07186757019
3.34179267968
3.39744594173
3.26902035903
3.29689706831
2.91300358585
3.09417180179
2.85920525509
3.07295553013
3.32116279632
3.49013256442
2.86100502373
3.51514015192
3.19205687694
2.65319613986
3.34547470584
3.26758653591
2.94463349026
2.93990016984
3.34562617532
2.88783876575
3.48976249461
3.15560220777
2.70968166396
3.29657584252
3.43955331061
2.93950558235
2.81699771246
3.25125734264
2.69542555919
3.10882699525
2.95948533677
3.55289375746
3.52020582633
3.67471391249
3.23037585849
3.56897964987
2.96183769199
2.99819986001
2.90610496012
3.08335115201
3.05719630689
2.8769993623
2.9379962157
3.19294878465
3.09633969643
3.30348662996
3.17559122823
2.6418837763
2.5951029434
3.63467388795
3.33560829072
3.55660649743
3.22974593782
3.20318389765
3.25819918269
2.74151730144
3.62946346065
2.78876084075
3.18932940251
3.53725187054
3.72143026564
2.96588103488
2.86458286065
2.82640443475
3.03934408148
2.85386636258
3.53472995098
2.8187637465
3.28196674257
3.40692635505
3.51020031656
2.96472050779
2.78403028283
2.59547681193
2.92012646733
2.91920048539
3.37936273666
3.34261017384
3.04147506194
2.85887969228
2.96900705345
2.77054266717
2.88571166392
3.00948032547
3.14363120067
3.49286662838
3.21432610723
3.31928770494
2.59372601355
3.38588616571
3.59396849664
3.01892747563
3.39355548331
3.4904725115
3.27191183435
3.35252325462
3.10258632967
3.73146618874
3.4107591453
3.10582461892
3.13538944549
2.92669359545
3.52437314763
3.09243761305
3.30761166337
2.85572733828
3.25347370174
2.7887859445
3.29945817251
2.84403503602
3.18284176737
3.32971720175
2.79198979531
3.02441520509
3.14302703149
2.88927766191
2.72940272928
2.90365839725
2.53174561088
2.84852666615
2.46200655165
3.19864668647
2.86235149054
3.0137640176
2.73738691901
3.43339232944
2.98883259465
3.00983901745
3.48845777215
3.05204118458
3.385773637
2.68293571343
3.25772637982
3.28241082037
3.23196909789
3.18398446053
2.49510348142
3.51965925823
2.95282098734
3.37223585446
3.17647127628
2.69323495907
3.09532086551
3.29736896012
3.26966593781
3.07269624093
3.22538687751
3.13980679905
3.12519168849
3.07153559882
3.1072898597
3.1718845671
3.6416945872
3.22659299465
3.38211588432
3.47692836959
3.22669392764
3.07931329511
3.30746843367
3.00466400513
3.0917915148
2.98057877472
2.99513541205
3.36901905133
2.83503070959
3.61706005097
2.99560051243
3.3046990934
3.25031017362
2.8162221544
3.15759922853
3.24386769233
3.07968147213
3.32724880093
3.38018778878
2.97158778363
2.78958179416
3.36608617291
3.18515185843
3.63655394986
3.33348817024
3.30249592569
3.7550548468
2.93839539972
3.21183561205
3.32538603209
3.01875905458
2.80505646075
2.95890727396
3.49159729718
2.9169941548
3.06437978366
3.0945637802
2.97859086519
3.09573728681
3.26969882763
3.32181647383
2.93296506908
2.49324345536
2.93130944295
3.56130550058
3.43621580829
3.28947155691
2.94974320403
3.26743284635
3.27072597112
3.22551231124
3.07971634899
3.06659556943
3.33221635067
2.87505604109
3.04764793868
3.19633055052
3.22607279554
3.10006484373
2.94603155803
3.14488057762
3.35016154317
3.33250271923
3.20785295157
3.37059870317
3.07964223852
3.1511432104
3.38353753592
3.36903807407
3.36170198833
2.49233739679
2.89701505149
3.06352953122
2.73334827642
3.571007549
2.55455188546
3.14387576914
3.32428976838
2.8730571623
3.24253423055
3.4567288544
3.0899172594
2.93750034857
3.312788327
3.04691077004
3.46200408715
3.36042322141
3.20860069734
3.17118030742
3.12923021728
2.98704236586
3.30643179325
3.70291957769
2.78802517627
3.35895077816
2.90395654652
3.69475776375
2.85599786683
3.05125757885
3.09665178496
3.31422023588
3.44042353561
2.74277366738
2.94179509187
2.88758258303
2.6996375459
3.18036816283
3.41349553495
3.38193361641
3.06734850818
3.6356824067
2.78828834029
3.62973156336
3.18908646376
2.64319721256
3.15266073495
3.31685332331
3.41666315419
3.2756893581
3.50569674507
3.73687227648
2.7555965525
3.24283286929
3.71561578836
3.53406679808
3.27509738113
3.23499607502
3.43058713212
3.1735650785
3.69313826175
3.20993813272
2.99218237484
3.08546092277
3.16011658089
2.84210491183
2.86178787835
3.74223630405
3.07953572921
2.89619619085
2.83960963394
3.0263932006
2.94255315069
3.38128708872
2.83712904811
2.96406376741
3.04760364663
2.92419628084
3.28345421678
3.40970559124
2.87586480112
2.95096976179
3.18610310291
3.17979286673
3.29392506414
3.25318838763
3.21575966852
3.0588330795
3.06129826436
3.10189541078
3.50147874329
2.83713729073
3.53150715579
3.10328190811
3.0828913642
2.78594361003
3.17200343173
2.90329912414
2.8793043539
3.04550463122
2.98834585145
2.88549410288
3.4445699758
2.97739697667
3.31874642913
3.36305748109
3.13171356846
3.27386258672
3.15342960045
2.8733575302
3.50761002558
3.17425057341
3.44591130457
3.28761779786
3.1930275249
3.56281339391
2.50835110829
3.14683991422
3.25022064134
3.23625098198
3.10604993569
3.21739570471
3.05968905215
3.30083169101
3.26034426194
3.24327830477
3.00031914057
3.13003844395
3.26896508533
2.79931840884
2.78134809318
3.14758368499
3.0171280909
3.35170066487
3.66287030407
3.00240820248
3.50085243109
3.26258755691
3.60755527019
3.55531736078
2.77931270347
3.14591795366
3.52796777042
3.01871571971
3.522878054
3.46858490262
3.41642498382
3.08407333968
3.14385766985
3.08438839797
2.57819369673
3.23107458404
3.29546199822
3.11512102514
2.86891716506
3.22989555725
3.32920257039
3.39726622956
3.5715817592
3.07093877478
2.85047863991
3.27032633983
3.68011835526
3.05713655086
3.11107185061
3.23799890793
2.8840033347
2.48745215855
2.87382490744
3.08631493684
2.97699654839
3.03707326922
3.08922651559
3.24028049497
2.99024088917
3.12363137169
3.64883393118
2.8600384228
2.97686639643
3.16243487569
3.37039125123
3.20610844344
2.84880058039
3.37284754812
2.68597210705
3.37311337063
3.12043391963
3.52393398939
2.83303464173
3.26489047024
3.56246183413
3.3250517812
3.49792299458
2.80328572087
3.3227812873
3.36874801412
3.09103007365
3.13215189717
The mean phase is: 3.14378609348The mean error is 49.9650903198% of 2pi, and 0.069819360333% of pi

The standard deviation is: 0.264721343301 which is 95.7868289672% of 2pi and 91.5736579344% of pi.
